(0.0,(40,[0,1,2,3,4,5,6,7,8,9,10,11,12,13,14,15,16,17,18,19,20,21,22,23,24,25,26,27,28,29,30,31,32,33,34,35,36,37,38,39],[50.0,174.0,25.0,23.0,156.0,71.0,124.0,86.0,41.0,33.0,40.0,66.0,20.0,18.0,42.0,22.0,102.0,114.0,43.0,152.0,44.0,43.0,57.0,133.0,30.0,17.0,25.0,123.0,27.0,25.0,62.0,43.0,40.0,41.0,23.0,37.0,50.0,27.0,24.0,93.0]))
(0.0,(40,[0,1,2,3,4,5,6,7,8,9,10,11,12,13,14,15,16,17,18,19,20,21,22,23,24,25,26,27,28,29,30,31,32,33,34,35,36,37,38,39],[72.0,221.0,27.0,33.0,187.0,93.0,161.0,108.0,66.0,40.0,51.0,89.0,29.0,36.0,60.0,35.0,161.0,165.0,57.0,217.0,53.0,55.0,72.0,203.0,39.0,38.0,32.0,161.0,38.0,30.0,95.0,64.0,67.0,62.0,30.0,40.0,93.0,44.0,40.0,112.0]))
(0.0,(40,[0,1,2,3,4,5,6,7,8,9,10,11,12,13,14,15,16,17,18,19,20,21,22,23,24,25,26,27,28,29,30,31,32,33,34,35,36,37,38,39],[41.0,109.0,27.0,19.0,91.0,64.0,78.0,57.0,19.0,22.0,32.0,44.0,12.0,23.0,29.0,13.0,51.0,105.0,31.0,84.0,24.0,43.0,27.0,80.0,18.0,18.0,15.0,76.0,21.0,14.0,46.0,35.0,27.0,26.0,18.0,27.0,33.0,18.0,14.0,94.0]))
(0.0,(40,[0,1,2,3,4,5,6,7,8,9,10,11,12,13,14,16,17,18,19,20,22,23,24,25,26,27,28,29,30,31,32,33,34,35,36,37,39],[4.0,4.0,3.0,1.0,7.0,4.0,10.0,4.0,2.0,4.0,2.0,3.0,1.0,1.0,3.0,3.0,3.0,10.0,8.0,2.0,1.0,2.0,8.0,2.0,1.0,6.0,1.0,2.0,2.0,2.0,5.0,3.0,3.0,4.0,6.0,1.0,1.0]))
(0.0,(40,[1,2,3,4,5,6,7,8,9,10,11,12,14,15,16,17,18,19,20,22,23,24,25,26,27,28,29,30,31,32,33,35,36,37,38,39],[3.0,5.0,2.0,9.0,4.0,3.0,2.0,4.0,2.0,2.0,3.0,2.0,6.0,4.0,5.0,5.0,13.0,9.0,2.0,3.0,5.0,1.0,1.0,4.0,4.0,2.0,1.0,3.0,3.0,1.0,4.0,3.0,2.0,2.0,2.0,3.0]))
(0.0,(40,[0,1,2,3,4,5,6,7,8,9,10,11,12,13,14,15,16,17,18,19,20,21,22,23,24,25,26,27,28,29,30,31,32,33,34,35,36,37,38,39],[12.0,35.0,12.0,11.0,31.0,12.0,19.0,20.0,20.0,5.0,11.0,10.0,24.0,5.0,13.0,5.0,30.0,28.0,15.0,51.0,6.0,12.0,13.0,31.0,5.0,10.0,13.0,20.0,12.0,23.0,27.0,11.0,9.0,5.0,7.0,9.0,24.0,25.0,5.0,15.0]))
(0.0,(40,[0,1,2,3,4,5,6,7,8,9,10,11,12,13,14,15,16,17,18,19,20,21,22,23,24,25,26,27,28,29,30,31,32,33,34,35,36,37,38,39],[2.0,9.0,4.0,5.0,14.0,3.0,6.0,10.0,2.0,2.0,1.0,4.0,3.0,2.0,7.0,4.0,3.0,9.0,11.0,11.0,4.0,7.0,9.0,6.0,1.0,1.0,3.0,4.0,1.0,2.0,4.0,4.0,8.0,3.0,5.0,8.0,9.0,7.0,3.0,9.0]))
(0.0,(40,[0,1,3,4,5,6,7,9,10,11,12,13,14,15,16,17,18,19,20,21,22,23,24,25,26,27,28,29,30,31,32,33,34,35,36,37,38,39],[9.0,7.0,5.0,7.0,11.0,10.0,2.0,4.0,4.0,6.0,3.0,3.0,4.0,2.0,8.0,7.0,19.0,7.0,4.0,3.0,2.0,13.0,4.0,2.0,4.0,6.0,1.0,4.0,6.0,5.0,4.0,7.0,4.0,5.0,2.0,3.0,6.0,2.0]))
(0.0,(40,[0,1,2,3,4,5,6,7,8,9,10,11,12,13,14,15,16,17,18,19,20,21,22,23,24,25,26,27,28,29,30,31,32,33,34,35,36,37,38,39],[11.0,17.0,6.0,8.0,18.0,12.0,22.0,11.0,4.0,6.0,6.0,12.0,5.0,2.0,7.0,7.0,12.0,19.0,23.0,21.0,8.0,10.0,10.0,20.0,4.0,8.0,3.0,22.0,6.0,7.0,14.0,5.0,5.0,17.0,4.0,7.0,8.0,10.0,5.0,14.0]))
(0.0,(40,[0,1,2,3,4,5,6,7,8,9,10,11,12,13,14,15,16,17,18,19,20,21,22,23,24,25,26,27,28,29,30,31,32,33,34,35,36,37,38,39],[18.0,29.0,7.0,9.0,27.0,25.0,26.0,23.0,11.0,3.0,8.0,11.0,10.0,2.0,12.0,3.0,7.0,16.0,11.0,26.0,3.0,14.0,15.0,23.0,6.0,4.0,6.0,19.0,10.0,14.0,23.0,10.0,12.0,10.0,5.0,4.0,14.0,2.0,6.0,11.0]))
(1.0,(40,[0,1,2,3,4,5,6,7,8,9,10,11,12,13,14,15,16,17,18,19,20,21,22,23,24,25,26,27,28,29,30,31,32,33,34,35,36,37,38,39],[7.0,25.0,4.0,6.0,21.0,16.0,16.0,15.0,4.0,4.0,4.0,7.0,4.0,3.0,6.0,8.0,7.0,9.0,24.0,29.0,12.0,8.0,13.0,21.0,3.0,9.0,4.0,12.0,3.0,3.0,10.0,11.0,11.0,6.0,9.0,11.0,8.0,5.0,17.0,10.0]))
(1.0,(40,[0,1,2,3,4,5,6,7,8,9,10,11,12,13,14,15,16,17,18,19,20,21,22,23,24,25,26,27,28,29,30,31,32,33,34,35,36,37,38,39],[30.0,18.0,16.0,25.0,14.0,22.0,183.0,17.0,16.0,21.0,35.0,13.0,33.0,17.0,32.0,11.0,28.0,32.0,26.0,29.0,8.0,19.0,29.0,19.0,30.0,10.0,18.0,10.0,12.0,7.0,19.0,21.0,18.0,10.0,20.0,23.0,47.0,9.0,13.0,11.0]))
(1.0,(40,[0,1,2,3,4,5,6,7,8,9,10,11,12,13,14,15,16,17,18,19,20,21,22,23,24,25,26,27,28,29,30,31,32,33,34,35,36,37,38,39],[13.0,21.0,9.0,9.0,41.0,22.0,24.0,15.0,7.0,12.0,9.0,14.0,6.0,5.0,10.0,25.0,16.0,30.0,27.0,24.0,7.0,8.0,18.0,39.0,15.0,10.0,10.0,14.0,8.0,9.0,30.0,5.0,14.0,15.0,10.0,5.0,12.0,11.0,15.0,14.0]))
(1.0,(40,[0,1,3,4,5,6,7,8,9,10,11,12,13,14,15,16,17,18,19,20,21,22,23,24,26,27,28,29,30,32,33,34,35,36,37,38,39],[1.0,1.0,7.0,4.0,1.0,4.0,3.0,1.0,2.0,2.0,2.0,2.0,1.0,3.0,1.0,3.0,4.0,15.0,7.0,5.0,1.0,5.0,4.0,3.0,2.0,4.0,1.0,2.0,4.0,1.0,1.0,2.0,2.0,2.0,3.0,2.0,6.0]))
(1.0,(40,[0,1,2,3,4,5,6,7,8,9,11,12,13,14,16,17,18,19,20,22,23,25,26,27,28,29,30,31,32,33,34,36,37,38,39],[3.0,3.0,1.0,2.0,6.0,6.0,7.0,3.0,1.0,2.0,3.0,1.0,2.0,5.0,3.0,4.0,10.0,4.0,1.0,8.0,3.0,3.0,4.0,3.0,2.0,1.0,4.0,2.0,5.0,7.0,2.0,2.0,2.0,1.0,5.0]))
(1.0,(40,[0,1,2,3,4,5,6,7,8,9,10,11,12,13,14,15,16,17,18,19,20,21,22,23,24,25,26,27,28,29,30,31,32,33,34,35,36,37,38,39],[5.0,15.0,5.0,12.0,25.0,7.0,15.0,7.0,6.0,4.0,1.0,4.0,2.0,8.0,4.0,2.0,5.0,7.0,23.0,16.0,4.0,4.0,12.0,16.0,4.0,5.0,3.0,6.0,1.0,6.0,9.0,3.0,10.0,8.0,3.0,7.0,5.0,1.0,7.0,10.0]))
(1.0,(40,[0,1,2,3,4,5,6,7,8,9,10,11,12,13,14,15,16,17,18,19,20,21,22,23,24,25,26,27,28,29,30,31,32,33,34,35,36,37,39],[4.0,5.0,6.0,3.0,15.0,7.0,6.0,5.0,2.0,3.0,2.0,4.0,4.0,5.0,7.0,1.0,3.0,1.0,15.0,3.0,6.0,1.0,8.0,4.0,4.0,2.0,2.0,4.0,5.0,1.0,7.0,2.0,2.0,4.0,3.0,5.0,2.0,3.0,3.0]))
(1.0,(40,[0,1,2,3,4,5,6,7,8,9,10,11,12,13,14,15,16,17,18,19,21,22,23,24,25,26,27,28,29,30,33,34,36,38],[4.0,1.0,1.0,2.0,8.0,3.0,1.0,7.0,2.0,1.0,1.0,1.0,1.0,1.0,4.0,1.0,2.0,3.0,10.0,1.0,2.0,5.0,4.0,2.0,3.0,1.0,3.0,3.0,1.0,2.0,1.0,3.0,5.0,3.0]))
(1.0,(40,[0,1,2,3,4,5,6,7,8,9,10,11,12,13,14,15,16,17,18,19,20,21,22,23,24,25,26,27,28,29,30,31,32,33,34,35,36,37,38,39],[8.0,9.0,2.0,11.0,20.0,4.0,10.0,18.0,4.0,8.0,2.0,6.0,8.0,6.0,8.0,4.0,15.0,4.0,37.0,12.0,4.0,6.0,11.0,9.0,4.0,6.0,7.0,10.0,7.0,5.0,15.0,7.0,10.0,7.0,10.0,9.0,10.0,5.0,3.0,6.0]))
(1.0,(40,[0,1,2,3,4,5,6,7,8,9,10,11,12,14,15,16,17,18,19,20,21,22,23,24,25,26,27,28,29,30,31,32,33,34,35,36,37,38,39],[7.0,12.0,4.0,5.0,78.0,9.0,20.0,15.0,2.0,6.0,1.0,3.0,14.0,6.0,9.0,6.0,7.0,15.0,11.0,2.0,5.0,20.0,6.0,3.0,2.0,5.0,5.0,3.0,5.0,8.0,4.0,6.0,9.0,7.0,2.0,3.0,1.0,4.0,7.0]))
(2.0,(40,[0,1,2,3,4,5,6,7,8,9,10,11,12,13,14,15,16,17,18,19,20,21,22,23,24,25,26,27,28,29,30,31,32,33,34,35,36,37,38,39],[10.0,13.0,4.0,7.0,16.0,14.0,15.0,8.0,4.0,3.0,4.0,1.0,5.0,11.0,10.0,5.0,8.0,13.0,18.0,15.0,6.0,5.0,7.0,7.0,7.0,6.0,4.0,9.0,9.0,4.0,11.0,3.0,5.0,10.0,5.0,1.0,9.0,5.0,3.0,10.0]))
(2.0,(40,[0,1,2,3,4,5,6,7,9,10,11,12,13,14,15,16,17,18,19,20,21,22,23,24,26,27,28,29,30,31,32,33,34,35,36,37,38,39],[4.0,8.0,7.0,3.0,6.0,11.0,7.0,2.0,2.0,5.0,7.0,4.0,1.0,2.0,3.0,4.0,3.0,15.0,7.0,3.0,1.0,8.0,3.0,2.0,3.0,6.0,6.0,4.0,5.0,1.0,5.0,6.0,2.0,2.0,6.0,2.0,3.0,1.0]))
(2.0,(40,[0,1,2,3,4,5,6,7,8,9,10,11,12,13,14,15,16,17,18,19,20,21,22,23,24,25,26,27,28,29,30,31,32,33,34,35,36,37,38,39],[36.0,81.0,32.0,50.0,134.0,43.0,124.0,62.0,73.0,28.0,36.0,32.0,36.0,33.0,49.0,24.0,41.0,71.0,80.0,53.0,40.0,29.0,22.0,53.0,28.0,50.0,31.0,49.0,26.0,34.0,43.0,32.0,28.0,49.0,28.0,30.0,55.0,16.0,31.0,43.0]))
(2.0,(40,[0,1,2,3,4,5,6,7,8,9,10,11,12,13,14,15,16,17,18,19,20,21,22,23,24,25,26,27,28,29,30,31,32,33,34,35,36,37,38,39],[23.0,35.0,8.0,9.0,63.0,44.0,47.0,35.0,4.0,6.0,17.0,26.0,4.0,10.0,18.0,8.0,16.0,48.0,24.0,49.0,24.0,21.0,49.0,39.0,20.0,6.0,11.0,42.0,11.0,11.0,26.0,30.0,16.0,36.0,7.0,15.0,8.0,8.0,11.0,30.0]))
(2.0,(40,[1,2,3,4,5,6,7,8,9,11,12,13,14,17,18,19,22,23,24,26,27,28,29,30,31,33,34,35,38,39],[4.0,2.0,3.0,8.0,3.0,3.0,5.0,1.0,2.0,2.0,4.0,1.0,3.0,2.0,11.0,4.0,1.0,5.0,1.0,3.0,3.0,1.0,2.0,3.0,2.0,4.0,2.0,3.0,1.0,2.0]))
(2.0,(40,[0,1,2,3,4,5,6,7,8,9,11,12,13,14,15,16,17,18,19,20,21,22,23,25,26,27,28,29,30,31,32,33,34,35,36,37,38,39],[2.0,7.0,5.0,3.0,8.0,5.0,7.0,2.0,4.0,3.0,4.0,3.0,3.0,3.0,2.0,9.0,8.0,15.0,12.0,1.0,2.0,11.0,15.0,3.0,2.0,4.0,4.0,2.0,6.0,4.0,1.0,5.0,3.0,1.0,5.0,2.0,2.0,5.0]))
(2.0,(40,[1,3,4,6,7,9,10,11,12,13,14,17,18,19,20,21,22,23,24,26,27,29,30,31,35,36,37,38,39],[2.0,1.0,4.0,2.0,2.0,1.0,1.0,7.0,2.0,2.0,1.0,3.0,11.0,3.0,1.0,1.0,1.0,7.0,3.0,2.0,3.0,3.0,2.0,4.0,1.0,2.0,1.0,1.0,1.0]))
(2.0,(40,[0,1,2,3,4,5,6,7,8,9,10,11,12,13,14,15,16,17,18,19,20,21,22,23,24,25,26,27,28,29,30,31,32,33,34,35,36,37,38,39],[4.0,5.0,5.0,6.0,27.0,5.0,4.0,9.0,2.0,1.0,1.0,6.0,6.0,1.0,6.0,3.0,9.0,7.0,16.0,12.0,7.0,3.0,19.0,11.0,5.0,4.0,3.0,1.0,4.0,9.0,7.0,7.0,5.0,5.0,4.0,1.0,9.0,5.0,4.0,8.0]))
(2.0,(40,[0,1,2,3,4,5,6,7,8,9,10,11,12,14,15,16,17,18,19,20,21,22,23,24,25,26,27,28,29,30,31,32,33,34,35,36,37,38,39],[12.0,16.0,5.0,5.0,14.0,6.0,19.0,4.0,8.0,6.0,4.0,5.0,6.0,7.0,1.0,12.0,13.0,18.0,10.0,5.0,6.0,17.0,9.0,5.0,3.0,3.0,15.0,5.0,2.0,8.0,5.0,5.0,11.0,2.0,2.0,6.0,1.0,7.0,17.0]))
(2.0,(40,[0,1,2,3,4,5,6,7,8,9,10,11,12,13,14,15,16,17,18,19,20,21,22,23,24,25,26,27,28,29,30,31,32,33,34,35,36,37,38,39],[11.0,11.0,6.0,9.0,24.0,8.0,23.0,10.0,1.0,3.0,3.0,6.0,8.0,8.0,5.0,7.0,6.0,18.0,18.0,24.0,10.0,2.0,18.0,9.0,5.0,5.0,5.0,16.0,7.0,12.0,4.0,25.0,2.0,10.0,4.0,6.0,13.0,6.0,8.0,15.0]))
(3.0,(40,[0,1,2,3,4,5,6,7,8,9,10,11,12,13,14,15,16,17,18,19,20,21,22,23,24,25,26,27,28,29,30,31,32,33,34,35,36,37,38,39],[6.0,13.0,3.0,9.0,21.0,13.0,22.0,16.0,12.0,3.0,16.0,12.0,10.0,6.0,10.0,10.0,19.0,12.0,26.0,15.0,7.0,7.0,25.0,23.0,8.0,8.0,3.0,14.0,2.0,6.0,9.0,2.0,10.0,9.0,9.0,2.0,6.0,3.0,15.0,6.0]))
(3.0,(40,[0,1,2,3,4,5,6,7,8,9,10,11,12,13,14,15,16,17,18,19,20,21,22,23,24,25,26,27,28,29,30,31,32,33,34,35,36,37,38,39],[44.0,31.0,60.0,24.0,64.0,49.0,35.0,31.0,35.0,27.0,47.0,12.0,10.0,21.0,34.0,11.0,99.0,44.0,49.0,50.0,22.0,70.0,22.0,61.0,21.0,15.0,27.0,23.0,22.0,37.0,102.0,18.0,32.0,18.0,31.0,17.0,50.0,30.0,24.0,31.0]))
(3.0,(40,[0,1,2,3,4,5,6,7,8,9,10,11,12,13,14,15,16,17,18,19,20,21,22,23,24,25,26,27,28,29,30,31,32,33,34,35,36,37,38,39],[46.0,162.0,52.0,30.0,173.0,70.0,117.0,89.0,41.0,39.0,32.0,57.0,33.0,39.0,46.0,43.0,57.0,90.0,55.0,105.0,41.0,39.0,41.0,94.0,25.0,29.0,39.0,98.0,28.0,36.0,54.0,69.0,40.0,39.0,29.0,43.0,48.0,47.0,28.0,58.0]))
