(0.0,(40,[0,1,2,3,4,5,6,7,8,9,10,11,12,13,14,15,16,17,18,19,20,21,22,23,24,25,26,27,28,29,30,31,32,33,34,35,36,37,38,39],[169.0,160.0,29.0,44.0,45.0,65.0,29.0,82.0,32.0,28.0,91.0,41.0,31.0,32.0,43.0,32.0,34.0,113.0,22.0,67.0,38.0,38.0,41.0,99.0,31.0,27.0,35.0,98.0,26.0,22.0,35.0,45.0,37.0,32.0,27.0,36.0,37.0,40.0,34.0,70.0]))
(0.0,(40,[0,1,2,3,4,5,6,7,8,9,10,11,12,13,14,15,16,17,18,19,20,21,22,23,24,25,26,27,28,29,30,31,32,33,34,35,36,37,38,39],[256.0,199.0,33.0,61.0,73.0,101.0,32.0,104.0,41.0,40.0,126.0,45.0,43.0,49.0,55.0,37.0,51.0,153.0,35.0,89.0,53.0,49.0,57.0,145.0,35.0,51.0,52.0,126.0,38.0,26.0,57.0,71.0,52.0,53.0,38.0,52.0,55.0,56.0,51.0,91.0]))
(0.0,(40,[0,1,2,3,4,5,6,7,8,9,10,11,12,13,14,15,16,17,18,19,20,21,22,23,24,25,26,27,28,29,30,31,32,33,34,35,36,37,38,39],[178.0,103.0,26.0,42.0,19.0,51.0,14.0,50.0,12.0,22.0,56.0,31.0,25.0,29.0,31.0,20.0,25.0,79.0,16.0,44.0,23.0,31.0,24.0,68.0,18.0,30.0,24.0,74.0,15.0,11.0,39.0,28.0,16.0,27.0,16.0,33.0,21.0,43.0,18.0,70.0]))
(0.0,(40,[0,1,2,4,5,6,7,8,10,11,12,13,14,15,16,17,18,19,20,21,22,23,24,25,26,27,28,29,30,32,33,34,35,36,37,39],[4.0,4.0,5.0,2.0,4.0,2.0,2.0,1.0,3.0,4.0,1.0,1.0,2.0,1.0,1.0,2.0,1.0,3.0,3.0,1.0,1.0,1.0,2.0,1.0,1.0,5.0,1.0,2.0,3.0,3.0,1.0,2.0,1.0,4.0,1.0,2.0]))
(0.0,(40,[0,1,2,3,4,5,6,7,8,9,10,11,12,14,15,16,17,18,19,20,21,22,23,24,25,26,27,28,30,33,35,36,37,39],[7.0,6.0,1.0,2.0,3.0,1.0,1.0,1.0,2.0,3.0,4.0,3.0,1.0,4.0,4.0,2.0,4.0,2.0,4.0,1.0,3.0,2.0,6.0,2.0,1.0,2.0,5.0,3.0,3.0,2.0,1.0,3.0,2.0,3.0]))
(0.0,(40,[0,1,2,3,4,5,6,7,8,9,10,11,12,13,14,15,16,17,18,19,20,21,22,23,24,25,26,27,28,29,30,31,32,33,34,35,36,37,38,39],[26.0,26.0,12.0,12.0,7.0,15.0,5.0,19.0,13.0,12.0,12.0,10.0,22.0,11.0,11.0,9.0,9.0,21.0,7.0,27.0,10.0,7.0,13.0,30.0,6.0,9.0,5.0,18.0,14.0,10.0,13.0,15.0,8.0,4.0,5.0,9.0,20.0,22.0,9.0,13.0]))
(0.0,(40,[0,1,2,3,4,5,6,7,9,10,11,12,13,14,15,16,17,18,19,21,22,23,24,25,26,27,28,29,30,31,32,33,34,35,36,37,38,39],[3.0,9.0,2.0,6.0,1.0,5.0,1.0,8.0,2.0,4.0,2.0,3.0,4.0,7.0,1.0,1.0,6.0,4.0,7.0,7.0,3.0,6.0,2.0,3.0,2.0,3.0,1.0,4.0,2.0,3.0,5.0,3.0,3.0,3.0,9.0,3.0,4.0,4.0]))
(0.0,(40,[0,1,3,4,5,6,7,9,10,11,13,14,16,17,18,19,20,23,24,25,26,27,28,29,30,31,33,34,35,36,37,38,39],[52.0,8.0,1.0,2.0,1.0,3.0,4.0,3.0,6.0,8.0,2.0,5.0,1.0,3.0,1.0,2.0,5.0,8.0,3.0,1.0,2.0,8.0,1.0,3.0,3.0,4.0,4.0,4.0,4.0,2.0,4.0,5.0,3.0]))
(0.0,(40,[0,1,2,3,4,5,6,7,8,9,10,11,12,13,14,15,16,17,18,19,20,21,22,23,24,25,26,27,28,29,30,31,32,33,34,35,36,37,38,39],[16.0,14.0,6.0,7.0,2.0,8.0,7.0,8.0,2.0,5.0,11.0,7.0,4.0,3.0,3.0,5.0,4.0,12.0,3.0,15.0,11.0,7.0,5.0,20.0,7.0,6.0,5.0,14.0,2.0,6.0,7.0,8.0,5.0,14.0,4.0,7.0,5.0,9.0,4.0,6.0]))
(0.0,(40,[0,1,2,3,4,5,6,7,8,9,10,11,12,13,14,15,16,17,18,19,20,21,22,23,24,25,26,27,28,29,30,31,32,33,34,35,36,37,38,39],[36.0,22.0,7.0,6.0,7.0,18.0,9.0,12.0,9.0,8.0,12.0,19.0,12.0,4.0,11.0,5.0,6.0,13.0,4.0,8.0,5.0,11.0,10.0,19.0,7.0,5.0,6.0,17.0,7.0,9.0,11.0,12.0,6.0,8.0,6.0,3.0,14.0,7.0,5.0,12.0]))
(1.0,(40,[0,1,2,3,4,5,6,7,8,9,10,11,12,13,14,15,16,17,18,19,20,21,22,23,24,25,26,27,28,29,30,31,32,33,34,35,36,37,38,39],[10.0,23.0,2.0,4.0,6.0,13.0,4.0,12.0,4.0,4.0,11.0,6.0,7.0,6.0,7.0,2.0,4.0,12.0,3.0,4.0,4.0,5.0,5.0,20.0,2.0,6.0,4.0,12.0,6.0,3.0,7.0,10.0,7.0,5.0,5.0,7.0,1.0,5.0,10.0,8.0]))
(1.0,(40,[0,1,2,3,4,5,6,7,8,9,10,11,12,13,14,15,16,17,18,19,20,21,22,23,24,25,26,27,28,29,30,31,32,33,34,35,36,37,38,39],[971.0,18.0,19.0,28.0,10.0,23.0,17.0,16.0,15.0,27.0,25.0,7.0,29.0,7.0,26.0,12.0,23.0,26.0,11.0,21.0,9.0,16.0,15.0,22.0,37.0,16.0,16.0,13.0,25.0,13.0,15.0,15.0,18.0,16.0,16.0,30.0,14.0,15.0,15.0,6.0]))
(1.0,(40,[0,1,2,3,4,5,6,7,8,9,10,11,12,13,14,15,16,17,18,19,20,21,22,23,24,25,26,27,28,29,30,31,32,33,34,35,36,37,38,39],[13.0,17.0,9.0,11.0,7.0,21.0,9.0,10.0,1.0,9.0,10.0,13.0,9.0,10.0,15.0,15.0,7.0,17.0,7.0,10.0,9.0,7.0,7.0,25.0,9.0,12.0,9.0,13.0,7.0,4.0,14.0,9.0,10.0,9.0,12.0,7.0,5.0,12.0,12.0,6.0]))
(1.0,(40,[0,3,4,5,6,7,8,10,11,12,13,14,15,16,17,18,19,20,23,24,27,28,30,31,32,34,35,36,37,38,39],[4.0,5.0,1.0,3.0,1.0,1.0,1.0,1.0,1.0,2.0,3.0,4.0,1.0,1.0,4.0,1.0,3.0,2.0,5.0,3.0,4.0,2.0,3.0,4.0,1.0,1.0,1.0,1.0,2.0,2.0,3.0]))
(1.0,(40,[0,1,3,5,6,7,8,9,10,11,13,14,16,17,18,19,20,22,23,24,25,26,27,28,29,30,31,32,33,34,35,37,38,39],[53.0,2.0,1.0,5.0,2.0,1.0,2.0,2.0,1.0,3.0,2.0,5.0,4.0,3.0,2.0,1.0,1.0,2.0,3.0,2.0,2.0,2.0,4.0,2.0,2.0,2.0,1.0,5.0,2.0,1.0,2.0,2.0,1.0,5.0]))
(1.0,(40,[0,1,2,3,4,5,6,7,9,10,11,12,13,14,15,16,17,18,19,20,21,22,23,24,25,26,27,28,29,30,31,32,33,35,36,38,39],[83.0,16.0,4.0,6.0,8.0,4.0,4.0,4.0,4.0,11.0,4.0,3.0,2.0,1.0,5.0,3.0,11.0,5.0,8.0,3.0,3.0,4.0,19.0,2.0,5.0,3.0,7.0,1.0,5.0,4.0,4.0,1.0,7.0,7.0,1.0,2.0,7.0]))
(1.0,(40,[0,1,2,3,4,5,7,8,9,10,11,13,14,16,18,19,20,21,22,23,24,25,26,27,28,29,30,31,32,33,34,35,36,37,38,39],[6.0,3.0,6.0,1.0,2.0,6.0,4.0,3.0,1.0,1.0,3.0,5.0,2.0,1.0,3.0,1.0,2.0,2.0,2.0,6.0,4.0,4.0,5.0,2.0,5.0,1.0,4.0,1.0,2.0,2.0,1.0,5.0,1.0,5.0,1.0,4.0]))
(1.0,(40,[0,1,2,4,5,6,7,8,10,11,12,13,14,15,17,18,19,20,21,23,27,28,32,33,34,35,36,37,38],[24.0,2.0,1.0,2.0,1.0,1.0,3.0,2.0,5.0,1.0,1.0,2.0,3.0,3.0,3.0,3.0,1.0,1.0,1.0,2.0,3.0,2.0,1.0,2.0,2.0,1.0,3.0,1.0,1.0]))
(1.0,(40,[0,1,2,3,4,5,6,7,8,9,10,11,12,13,14,15,16,17,18,19,20,21,22,23,24,25,26,27,28,29,30,31,32,33,34,35,36,37,38,39],[44.0,9.0,6.0,4.0,8.0,4.0,4.0,8.0,4.0,3.0,5.0,9.0,4.0,10.0,7.0,5.0,8.0,3.0,8.0,5.0,3.0,3.0,5.0,8.0,4.0,4.0,3.0,9.0,4.0,3.0,3.0,10.0,6.0,3.0,7.0,5.0,4.0,3.0,5.0,9.0]))
(1.0,(40,[0,1,2,3,4,5,6,7,8,9,10,11,12,13,14,15,16,17,18,19,20,21,22,23,24,26,27,28,29,30,31,32,33,34,35,36,37,38,39],[249.0,13.0,3.0,4.0,49.0,6.0,4.0,3.0,4.0,5.0,8.0,4.0,13.0,1.0,13.0,6.0,7.0,6.0,4.0,7.0,1.0,6.0,3.0,7.0,1.0,2.0,9.0,2.0,3.0,5.0,7.0,4.0,3.0,4.0,1.0,4.0,2.0,4.0,5.0]))
(2.0,(40,[0,1,2,3,4,5,6,7,8,9,10,11,12,13,14,15,17,18,19,20,21,22,23,24,25,26,27,28,29,30,31,32,33,34,35,36,37,38,39],[15.0,13.0,5.0,4.0,1.0,8.0,5.0,5.0,3.0,4.0,10.0,2.0,4.0,1.0,8.0,9.0,16.0,4.0,6.0,7.0,4.0,3.0,8.0,4.0,5.0,6.0,7.0,6.0,3.0,4.0,3.0,4.0,4.0,6.0,5.0,9.0,7.0,5.0,8.0]))
(2.0,(40,[0,1,2,3,4,5,7,9,10,11,12,13,14,15,16,17,18,19,20,21,22,23,24,25,26,27,28,29,30,31,32,33,34,35,36,37,38,39],[7.0,9.0,4.0,1.0,1.0,9.0,1.0,1.0,8.0,3.0,1.0,1.0,3.0,2.0,1.0,1.0,1.0,5.0,1.0,1.0,3.0,4.0,4.0,2.0,2.0,4.0,4.0,2.0,2.0,3.0,2.0,4.0,2.0,1.0,2.0,2.0,5.0,2.0]))
(2.0,(40,[0,1,2,3,4,5,6,7,8,9,10,11,12,13,14,15,16,17,18,19,20,21,22,23,24,25,26,27,28,29,30,31,32,33,34,35,36,37,38,39],[2353.0,65.0,39.0,55.0,15.0,41.0,19.0,48.0,32.0,22.0,59.0,33.0,35.0,32.0,39.0,20.0,27.0,57.0,24.0,29.0,30.0,25.0,26.0,50.0,29.0,44.0,32.0,42.0,23.0,29.0,21.0,26.0,29.0,25.0,26.0,23.0,31.0,19.0,26.0,38.0]))
(2.0,(40,[0,1,2,3,4,5,6,7,8,9,10,11,12,13,14,15,16,17,18,19,20,21,22,23,24,25,26,27,28,29,30,31,32,33,34,35,36,37,38,39],[33.0,30.0,7.0,14.0,9.0,29.0,11.0,26.0,9.0,9.0,27.0,17.0,11.0,12.0,19.0,9.0,17.0,43.0,15.0,18.0,17.0,20.0,17.0,32.0,10.0,9.0,11.0,30.0,11.0,16.0,19.0,19.0,12.0,18.0,8.0,13.0,13.0,13.0,6.0,16.0]))
(2.0,(40,[0,1,3,4,5,7,8,9,10,11,12,13,14,15,17,18,19,20,22,23,25,26,27,28,29,30,32,33,34,35,36,37,38,39],[1.0,2.0,2.0,1.0,3.0,1.0,1.0,1.0,2.0,1.0,3.0,3.0,3.0,1.0,2.0,1.0,3.0,1.0,1.0,2.0,2.0,2.0,3.0,1.0,1.0,2.0,1.0,4.0,2.0,1.0,3.0,1.0,2.0,1.0]))
(2.0,(40,[0,1,2,3,4,5,7,8,9,10,11,12,13,14,15,16,17,18,19,22,23,25,26,27,28,29,30,31,32,33,34,35,36,37,38,39],[10.0,5.0,5.0,4.0,2.0,4.0,1.0,2.0,5.0,4.0,5.0,6.0,5.0,2.0,7.0,3.0,6.0,2.0,5.0,1.0,11.0,2.0,1.0,3.0,3.0,2.0,4.0,3.0,3.0,5.0,5.0,2.0,2.0,2.0,2.0,2.0]))
(2.0,(40,[1,2,3,5,6,7,11,12,13,17,18,19,20,21,22,23,24,25,26,27,28,29,31,32,33,35,36,37,39],[1.0,1.0,1.0,1.0,1.0,2.0,3.0,2.0,3.0,5.0,2.0,1.0,1.0,1.0,2.0,5.0,3.0,1.0,1.0,2.0,1.0,2.0,2.0,1.0,1.0,2.0,2.0,2.0,2.0]))
(2.0,(40,[0,1,2,3,4,5,6,7,8,10,11,12,13,14,15,16,17,18,19,20,21,22,23,24,25,26,27,28,29,30,31,32,33,34,35,36,37,38,39],[215.0,6.0,3.0,6.0,4.0,7.0,1.0,9.0,5.0,10.0,6.0,5.0,2.0,5.0,2.0,6.0,7.0,3.0,2.0,10.0,1.0,3.0,8.0,6.0,1.0,4.0,1.0,2.0,7.0,2.0,5.0,2.0,2.0,5.0,4.0,4.0,5.0,3.0,3.0]))
(2.0,(40,[0,1,2,3,4,5,6,7,8,9,10,11,12,14,15,16,17,18,19,20,21,22,23,24,25,26,27,28,30,31,32,33,34,35,36,37,39],[28.0,11.0,5.0,7.0,9.0,5.0,6.0,1.0,2.0,5.0,6.0,3.0,7.0,7.0,1.0,5.0,9.0,1.0,4.0,6.0,7.0,5.0,10.0,2.0,4.0,5.0,15.0,6.0,4.0,3.0,6.0,5.0,2.0,4.0,4.0,2.0,13.0]))
(2.0,(40,[0,1,2,3,4,5,6,7,8,9,10,11,12,13,14,15,16,17,18,19,20,21,22,23,24,25,26,27,28,29,30,31,32,33,34,35,36,37,38,39],[17.0,16.0,8.0,6.0,6.0,8.0,4.0,7.0,1.0,4.0,9.0,6.0,13.0,4.0,6.0,9.0,5.0,16.0,6.0,8.0,7.0,3.0,2.0,13.0,3.0,6.0,3.0,18.0,5.0,6.0,3.0,20.0,3.0,8.0,8.0,9.0,8.0,4.0,3.0,10.0]))
(3.0,(40,[0,1,2,3,4,5,6,7,8,9,10,11,12,13,14,15,16,17,18,19,20,21,22,23,24,25,26,27,28,29,30,31,32,33,34,35,36,37,38,39],[22.0,10.0,3.0,6.0,2.0,8.0,6.0,17.0,2.0,4.0,13.0,10.0,7.0,3.0,8.0,3.0,10.0,14.0,5.0,7.0,6.0,4.0,7.0,17.0,9.0,7.0,6.0,13.0,4.0,5.0,4.0,4.0,1.0,8.0,14.0,2.0,2.0,5.0,9.0,2.0]))
(3.0,(40,[0,1,2,3,4,5,6,7,8,9,10,11,12,13,14,15,16,17,18,19,20,21,22,23,24,25,26,27,28,29,30,31,32,33,34,35,36,37,38,39],[359.0,30.0,57.0,25.0,21.0,46.0,20.0,33.0,18.0,27.0,38.0,13.0,16.0,13.0,21.0,15.0,9.0,35.0,16.0,24.0,21.0,52.0,13.0,60.0,13.0,10.0,22.0,18.0,19.0,23.0,4.0,23.0,15.0,14.0,19.0,11.0,29.0,17.0,23.0,24.0]))
(3.0,(40,[0,1,2,3,4,5,6,7,8,9,10,11,12,13,14,15,16,17,18,19,20,21,22,23,24,25,26,27,28,29,30,31,32,33,34,35,36,37,38,39],[629.0,129.0,22.0,33.0,30.0,68.0,30.0,93.0,33.0,51.0,53.0,38.0,37.0,31.0,44.0,39.0,26.0,82.0,27.0,42.0,47.0,46.0,44.0,93.0,26.0,45.0,42.0,83.0,30.0,26.0,38.0,53.0,31.0,40.0,28.0,29.0,58.0,47.0,32.0,55.0]))
